0.521151 0.122576 0.021236 0.335037
0.657139 0.077513 0.031393 0.233955
0.636019 0.096483 0.026679 0.240820
0.701896 0.073576 0.015744 0.208785
0.672875 0.078084 0.043041 0.206000
0.420242 0.014816 0.096377 0.468564
0.256183 0.014236 0.117602 0.611979
0.631425 0.097322 0.029425 0.241827
0.671445 0.093693 0.001469 0.233393
0.562197 0.141705 0.015524 0.280574
0.547239 0.172645 0.020390 0.259727
0.691181 0.077748 0.045279 0.185792
0.652152 0.086952 0.000010 0.260886
0.139681 0.009166 0.160810 0.690343
0.665076 0.067168 0.023557 0.244200
0.642315 0.074653 0.015911 0.267121
0.654367 0.088207 0.020823 0.236603
0.455234 0.050596 0.080219 0.413952
0.651207 0.094171 0.024793 0.229829
0.626132 0.130887 0.001406 0.241575
0.586270 0.104333 0.002809 0.306588
0.322346 0.022648 0.185900 0.469105
0.331727 0.008630 0.091839 0.567804
0.696286 0.062241 0.021015 0.220458
0.181312 0.011526 0.142172 0.664991
0.229374 0.000851 0.148683 0.621092
0.698029 0.078066 0.017607 0.206298
0.672518 0.072317 0.038781 0.216383
0.655341 0.061013 0.021717 0.261929
0.580544 0.118480 0.015642 0.285334
0.309924 0.012016 0.096916 0.581143
0.332948 0.012488 0.003734 0.650829
0.265596 0.003935 0.113275 0.617194
0.683820 0.072318 0.038900 0.204962
0.681025 0.072505 0.013019 0.233451
0.642255 0.084820 0.028631 0.244294
0.672955 0.072382 0.015104 0.239559
0.431651 0.086378 0.079987 0.401983
0.643691 0.074534 0.021369 0.260406
0.628311 0.099378 0.029146 0.243165
0.685725 0.069636 0.010075 0.234564
0.645605 0.075473 0.030748 0.248174
0.667660 0.089468 0.018166 0.224706
0.672451 0.068080 0.035712 0.223757
0.655772 0.073073 0.032243 0.238912
0.562904 0.168414 0.023520 0.245162
0.336037 0.025715 0.185061 0.453187
0.599816 0.120353 0.031271 0.248560
0.674234 0.071578 0.041369 0.212819
0.655888 0.071409 0.025629 0.247074
0.628109 0.069693 0.053106 0.249092
0.683067 0.071729 0.025823 0.219381
0.566393 0.134282 0.026833 0.272492
0.355308 0.028130 0.178051 0.438511
0.600191 0.108767 0.047122 0.243920
0.352929 0.027933 0.183332 0.435806
0.678370 0.075029 0.033614 0.212987
0.665604 0.081325 0.028559 0.224512
0.539041 0.099112 0.038693 0.323154
0.574203 0.131722 0.031905 0.262169
0.685966 0.074400 0.012525 0.227108
0.577798 0.128605 0.050355 0.243242
0.652364 0.065807 0.040492 0.241338
0.674251 0.058777 0.027274 0.239698
0.435725 0.020456 0.109604 0.434215
0.699269 0.078759 0.017058 0.204915
0.353391 0.027357 0.181088 0.438164
0.677260 0.077124 0.044669 0.200946
0.385373 0.030366 0.030699 0.553563
0.622854 0.093068 0.023583 0.260496
0.400221 0.030966 0.040649 0.528164
0.623544 0.106136 0.023907 0.246414
0.596016 0.104695 0.025451 0.273839
0.686659 0.075527 0.032383 0.205431
0.634286 0.100602 0.039282 0.225831
0.670906 0.059170 0.056630 0.213295
0.630631 0.101362 0.023137 0.244870
0.668670 0.070608 0.053044 0.207678
0.657756 0.089009 0.037876 0.215358
0.694630 0.078711 0.021888 0.204771
0.307162 0.015687 0.133112 0.544039
0.352446 0.029896 0.180130 0.437527
0.386960 0.010984 0.109897 0.492159
0.307046 0.013722 0.158391 0.520841
0.363725 0.033539 0.194665 0.408070
0.588993 0.108807 0.026445 0.275755
0.318726 0.000967 0.145887 0.534420
0.651610 0.081984 0.021851 0.244554
0.432301 0.085940 0.080381 0.401377
0.369695 0.024165 0.185911 0.420228
0.688389 0.080457 0.043226 0.187929
0.674066 0.065931 0.021844 0.238159
0.683872 0.066783 0.051860 0.197484
0.330106 0.022663 0.176209 0.471022
0.695433 0.071961 0.042063 0.190542
0.648597 0.061699 0.027183 0.262521
0.654033 0.077063 0.019356 0.249548
0.000010 0.999970 0.000010 0.000010
0.000010 0.999970 0.000010 0.000010
0.000010 0.983721 0.000010 0.016259
0.000011 0.999969 0.000010 0.000010
0.000010 0.999970 0.000010 0.000010
0.000010 0.967168 0.000510 0.032312
0.000010 0.999970 0.000010 0.000010
0.000010 0.999970 0.000010 0.000010
0.000010 0.999969 0.000011 0.000010
0.000010 0.999970 0.000010 0.000010
0.000010 0.999969 0.000011 0.000010
0.000011 0.944931 0.000010 0.055048
0.000011 0.945539 0.000010 0.054440
0.000010 0.999970 0.000010 0.000010
0.000010 0.999970 0.000010 0.000010
0.000010 0.999970 0.000010 0.000010
0.000010 0.999970 0.000010 0.000010
0.000010 0.999970 0.000010 0.000010
0.000010 0.997726 0.002254 0.000010
0.000012 0.999968 0.000010 0.000010
0.000010 0.999970 0.000010 0.000010
0.000010 0.999832 0.000148 0.000010
0.000010 0.999970 0.000010 0.000010
0.000010 0.997607 0.002373 0.000010
0.000010 0.999970 0.000010 0.000010
0.000010 0.999970 0.000010 0.000010
0.000010 0.991377 0.008603 0.000010
0.087843 0.793902 0.000010 0.118245
0.000010 0.989235 0.006008 0.004746
0.069892 0.871757 0.000010 0.058341
0.000010 0.999970 0.000010 0.000010
0.000010 0.919700 0.000010 0.080279
0.000010 0.999970 0.000010 0.000010
0.779694 0.010273 0.049182 0.160851
0.782478 0.002589 0.043996 0.170938
0.780320 0.006131 0.051301 0.162248
0.751620 0.000010 0.026364 0.222005
0.725090 0.000010 0.040947 0.233953
0.789459 0.010208 0.037565 0.162768
0.748648 0.000582 0.058076 0.192695
0.754173 0.002047 0.052691 0.191090
0.745547 0.000010 0.045561 0.208882
0.760001 0.001746 0.046623 0.191630
0.702885 0.002531 0.077407 0.217176
0.760412 0.009501 0.045329 0.184759
0.776772 0.005590 0.036511 0.181127
0.748904 0.004834 0.026140 0.220122
0.754748 0.000536 0.037231 0.207484
0.782448 0.000010 0.042944 0.174598
0.778873 0.000010 0.036348 0.184768
0.819019 0.008760 0.040092 0.132130
0.781943 0.008274 0.038022 0.171762
0.774275 0.000010 0.040240 0.185476
0.762339 0.005765 0.044763 0.187134
0.776588 0.005450 0.049616 0.168346
0.740816 0.015319 0.053590 0.190274
0.781290 0.000010 0.058062 0.160638
0.829461 0.002813 0.011405 0.156321
0.811416 0.019827 0.029834 0.138923
0.815778 0.013507 0.030564 0.140151
0.854719 0.006714 0.042272 0.096295
0.828507 0.015939 0.055899 0.099656
0.830545 0.010748 0.026829 0.131878
0.794904 0.001305 0.032860 0.170931
0.821520 0.015321 0.025242 0.137917
0.811305 0.008624 0.042932 0.137139
0.809707 0.006894 0.011219 0.172180
0.829673 0.022400 0.047060 0.100867
0.811947 0.000010 0.025153 0.162890
0.798825 0.008992 0.073783 0.118400
0.792704 0.012380 0.028961 0.165954
0.827858 0.012658 0.049722 0.109762
0.854232 0.000010 0.038468 0.107290
0.834169 0.011469 0.036804 0.117558
0.814245 0.011400 0.044009 0.130346
0.850399 0.010357 0.030664 0.108580
0.840628 0.000010 0.051303 0.108059
0.840463 0.000010 0.030601 0.128926
0.831986 0.005969 0.042634 0.119411
0.872428 0.014623 0.038610 0.074338
0.852903 0.000010 0.032296 0.114791
0.847829 0.018227 0.049961 0.083983
0.820211 0.003348 0.051598 0.124843
0.789573 0.003919 0.031358 0.175149
0.811983 0.015478 0.045637 0.126902
0.825471 0.006901 0.035624 0.132003
0.846671 0.000010 0.038931 0.114388
0.844805 0.004043 0.050206 0.100946
0.840184 0.008616 0.042389 0.108811
0.820129 0.010914 0.045448 0.123510
0.825612 0.019337 0.034508 0.120543
0.815378 0.022256 0.043655 0.118711
0.838174 0.008234 0.048734 0.104858
0.808918 0.003833 0.044396 0.142853
0.862248 0.007165 0.044016 0.086571
0.821121 0.008207 0.037748 0.132924
0.831145 0.001110 0.041610 0.126134
0.839686 0.000010 0.022530 0.137774
0.819500 0.007916 0.011870 0.160714
0.840384 0.006842 0.040951 0.111824
0.884733 0.024843 0.051176 0.039248
0.871761 0.029093 0.051194 0.047952
0.857617 0.030316 0.050283 0.061783
0.881749 0.023997 0.031960 0.062294
0.878555 0.021892 0.046893 0.052660
0.863243 0.028227 0.032291 0.076239
0.877150 0.008021 0.039283 0.075547
0.866793 0.027749 0.021811 0.083648
0.891399 0.022486 0.047309 0.038805
0.871331 0.035336 0.047084 0.046248
0.871875 0.032228 0.048166 0.047730
0.883323 0.021844 0.034072 0.060762
0.865594 0.024438 0.030752 0.079216
0.868348 0.033552 0.048841 0.049259
0.857456 0.031835 0.035214 0.075495
0.897555 0.019726 0.057854 0.024865
0.864263 0.033164 0.049920 0.052653
0.881155 0.030909 0.049378 0.038558
0.871765 0.021429 0.022548 0.084258
0.839993 0.035630 0.031299 0.093078
0.888379 0.024245 0.056604 0.030773
0.865912 0.025238 0.056283 0.052567
0.883805 0.027715 0.050931 0.037549
0.865703 0.039382 0.055048 0.039868
0.899696 0.022738 0.046394 0.031171
0.855465 0.016008 0.046147 0.082380
0.863490 0.035558 0.023407 0.077545
0.864352 0.022606 0.043582 0.069460
0.827894 0.034579 0.054855 0.082672
0.832083 0.022481 0.016622 0.128813
0.864382 0.029274 0.044113 0.062231
0.859851 0.025112 0.062040 0.052998
0.894341 0.028776 0.051383 0.025499
0.857990 0.040637 0.051519 0.049854
0.826655 0.029089 0.049519 0.094737
0.856631 0.039773 0.053254 0.050343
0.878235 0.032466 0.029088 0.060212
0.883975 0.034020 0.035066 0.046939
0.856587 0.049755 0.050531 0.043126
0.888794 0.021756 0.045036 0.044413
0.858765 0.017430 0.065373 0.058432
0.888129 0.013005 0.037741 0.061125
0.897439 0.039590 0.055551 0.007420
0.892368 0.028501 0.059867 0.019265
0.866661 0.040457 0.035513 0.057369
0.873246 0.025762 0.054373 0.046619
0.865405 0.047956 0.045236 0.041403
0.886337 0.029182 0.055052 0.029429
0.865137 0.014131 0.037772 0.082960
0.850690 0.030227 0.058886 0.060198
0.908346 0.001824 0.018417 0.071413
0.813110 0.045740 0.037725 0.103424
0.848627 0.040472 0.052809 0.058092
0.870870 0.023866 0.044825 0.060439
0.872765 0.031316 0.063899 0.032020
0.845871 0.025837 0.032821 0.095471
0.874441 0.018847 0.043196 0.063516
0.879441 0.032079 0.031507 0.056974
0.871020 0.025209 0.048766 0.055005
0.863657 0.035366 0.024811 0.076166
0.875434 0.031347 0.056759 0.036460
0.855685 0.030673 0.049150 0.064492
0.830063 0.020069 0.032476 0.117392
0.861073 0.034179 0.033661 0.071087
0.900517 0.028823 0.052419 0.018241
0.871636 0.032432 0.043311 0.052622
0.866059 0.048375 0.046110 0.039456
0.879505 0.027405 0.037906 0.055184
0.811505 0.025209 0.037471 0.125814
0.846424 0.044267 0.041427 0.067882
0.871391 0.035195 0.033437 0.059977
0.819991 0.034861 0.021391 0.123757
0.872469 0.035497 0.052421 0.039613
0.859316 0.024915 0.031883 0.083886
0.873117 0.047225 0.054054 0.025603
0.880063 0.028514 0.051574 0.039849
0.849902 0.049403 0.068713 0.031982
0.858553 0.031377 0.034671 0.075399
0.879583 0.033623 0.044660 0.042133
0.907608 0.006247 0.068594 0.017551
0.846929 0.031866 0.043270 0.077935
0.861134 0.039391 0.027544 0.071930
0.840302 0.057422 0.036200 0.066075
0.824683 0.054548 0.027088 0.093682
0.777794 0.078188 0.024367 0.119651
0.867934 0.043512 0.038034 0.050521
0.883701 0.032973 0.047245 0.036081
0.859856 0.018331 0.040585 0.081228
0.877234 0.029910 0.048690 0.044167
0.860072 0.036299 0.067142 0.036486
0.861717 0.025286 0.043342 0.069655
0.858904 0.018564 0.031300 0.091232
0.897264 0.009122 0.053132 0.040482
0.897665 0.019322 0.046184 0.036830
0.886469 0.039296 0.037417 0.036819
0.863897 0.008755 0.030763 0.096584
0.874712 0.008248 0.042787 0.074253
0.856708 0.025638 0.039156 0.078497
0.882191 0.028331 0.051813 0.037665
0.915295 0.012094 0.054225 0.018386
0.942507 0.000010 0.057473 0.000010
0.917414 0.028052 0.054524 0.000010
0.895932 0.015105 0.063608 0.025354
0.909720 0.011894 0.034061 0.044325
0.913257 0.006147 0.053389 0.027207
0.904633 0.016747 0.046384 0.032236
0.866361 0.036172 0.039179 0.058288
0.915257 0.015014 0.054471 0.015258
0.920512 0.011115 0.061797 0.006576
0.914784 0.021715 0.051505 0.011996
0.893354 0.017523 0.045470 0.043653
0.918870 0.012501 0.041192 0.027438
0.899779 0.016366 0.050948 0.032907
0.921565 0.010068 0.063301 0.005065
0.910793 0.018256 0.044754 0.026197
0.930155 0.019187 0.050649 0.000010
0.800863 0.038399 0.043665 0.117072
0.912070 0.016954 0.064310 0.006666
0.938313 0.012672 0.031397 0.017619
0.918506 0.009074 0.047453 0.024968
0.917892 0.009497 0.035684 0.036927
0.898006 0.022501 0.052797 0.026696
0.930984 0.011554 0.052693 0.004769
0.905284 0.010457 0.047960 0.036299
0.868438 0.014933 0.056569 0.060061
0.884188 0.000010 0.048328 0.067473
0.935885 0.013898 0.050208 0.000010
0.926654 0.001720 0.041201 0.030425
0.895669 0.029760 0.039919 0.034652
0.915991 0.000010 0.047417 0.036582
0.904676 0.016250 0.041087 0.037987
0.913009 0.011429 0.051205 0.024356
0.929974 0.019049 0.049189 0.001787
0.906160 0.027651 0.033628 0.032561
0.918953 0.020566 0.041394 0.019087
0.897471 0.019465 0.050773 0.032291
0.897319 0.018316 0.057016 0.027349
0.892829 0.006832 0.044219 0.056119
0.897320 0.006585 0.065577 0.030518
0.914901 0.019504 0.048113 0.017482
0.893412 0.009353 0.056253 0.040982
0.930506 0.010016 0.054661 0.004818
0.916649 0.016451 0.037643 0.029257
0.927844 0.018187 0.050158 0.003811
0.894765 0.025065 0.045551 0.034618
0.928451 0.008969 0.062571 0.000010
0.910104 0.016315 0.057432 0.016150
0.917031 0.000010 0.054844 0.028115
0.920839 0.005429 0.052953 0.020778
0.898319 0.000010 0.070600 0.031071
0.885372 0.022502 0.039375 0.052750
0.919521 0.000010 0.060199 0.020270
0.946396 0.009390 0.035586 0.008627
0.882068 0.028439 0.051339 0.038154
0.897321 0.014638 0.060966 0.027075
0.893341 0.009297 0.046765 0.050597
0.881606 0.021178 0.037425 0.059791
0.880803 0.017380 0.036419 0.065398
0.930487 0.008653 0.056542 0.004319
0.933403 0.006145 0.049466 0.010986
0.904822 0.017933 0.053109 0.024135
0.942740 0.007801 0.049450 0.000010
0.923004 0.004225 0.057467 0.015303
0.918939 0.000010 0.047049 0.034002
0.894587 0.007878 0.038030 0.059505
0.945969 0.003727 0.050294 0.000010
0.906750 0.016958 0.062828 0.013463
0.904321 0.008095 0.045590 0.041994
0.913352 0.030449 0.049658 0.006542
0.859142 0.008397 0.049365 0.083096
0.937081 0.007871 0.048138 0.006910
0.912762 0.019059 0.049289 0.018889
0.934114 0.011657 0.051668 0.002560
0.929157 0.004202 0.064031 0.002610
0.937055 0.016127 0.046808 0.000010
0.899081 0.003575 0.064387 0.032956
0.938934 0.006026 0.055030 0.000010
0.933465 0.008016 0.058509 0.000010
0.926087 0.015142 0.058761 0.000010
0.913674 0.001419 0.036992 0.047914
0.902765 0.002790 0.039692 0.054753
0.904421 0.012611 0.039994 0.042974
0.914393 0.002082 0.047957 0.035568
0.940210 0.014532 0.045247 0.000010
0.885189 0.014518 0.045676 0.054617
0.932387 0.010296 0.057307 0.000010
0.910806 0.024434 0.056476 0.008284
0.902346 0.014298 0.038177 0.045180
0.900300 0.029357 0.054206 0.016136
0.900799 0.009049 0.041917 0.048235
0.898949 0.002097 0.045499 0.053455
0.919981 0.014905 0.054888 0.010226
0.899438 0.009210 0.043649 0.047703
0.886960 0.008139 0.052520 0.052380
0.890552 0.008683 0.036730 0.064035
0.835832 0.007633 0.045203 0.111332
0.879025 0.001480 0.041621 0.077873
0.805019 0.014076 0.024143 0.156763
0.854062 0.016626 0.033324 0.095987
0.837826 0.024419 0.048660 0.089095
0.828127 0.030357 0.051710 0.089806
0.849787 0.020748 0.021346 0.108120
0.850574 0.023066 0.039963 0.086397
0.852220 0.018839 0.020342 0.108600
0.865187 0.004645 0.045387 0.084781
0.815845 0.039463 0.032534 0.112158
0.821727 0.016800 0.026969 0.134504
0.831499 0.011605 0.049930 0.106966
0.845672 0.008697 0.034860 0.110771
0.824370 0.023742 0.057079 0.094809
0.838813 0.008664 0.037585 0.114938
0.841197 0.004766 0.044474 0.109563
0.784586 0.040029 0.047228 0.128157
0.815772 0.019818 0.037441 0.126969
0.857403 0.012195 0.047730 0.082672
0.831616 0.013304 0.043965 0.111115
0.851540 0.027544 0.037849 0.083066
0.848559 0.025271 0.027739 0.098432
0.825827 0.011151 0.055407 0.107615
0.827694 0.000010 0.043715 0.128581
0.823763 0.014971 0.042338 0.118927
0.824080 0.003442 0.034567 0.137911
0.882051 0.031647 0.050640 0.035662
0.864550 0.012108 0.052316 0.071025
0.813065 0.008639 0.058097 0.120198
0.830468 0.007433 0.047176 0.114923
0.800390 0.008311 0.054659 0.136639
0.850232 0.000010 0.029709 0.120049
0.815817 0.004893 0.043412 0.135878
0.839292 0.005626 0.049562 0.105520
0.823643 0.000010 0.043745 0.132602
0.855301 0.035827 0.038798 0.070074
0.839973 0.001565 0.028819 0.129643
0.847381 0.017898 0.045406 0.089315
0.864737 0.001023 0.055470 0.078769
0.797240 0.016862 0.007925 0.177973
0.867556 0.000010 0.028640 0.103794
0.825302 0.021171 0.035176 0.118351
0.827125 0.008427 0.038822 0.125626
0.866025 0.000010 0.046411 0.087554
0.840481 0.002521 0.043734 0.113263
0.873790 0.009951 0.043144 0.073114
0.857053 0.002176 0.051170 0.089601
0.871281 0.017651 0.037973 0.073095
0.809739 0.020079 0.038982 0.131200
0.858040 0.012569 0.040212 0.089178
0.889391 0.010071 0.046333 0.054204
0.826594 0.017140 0.052262 0.104005
0.819019 0.032567 0.027519 0.120895
0.816409 0.029243 0.039805 0.114543
0.875097 0.003381 0.038318 0.083203
0.819638 0.033753 0.046412 0.100197
0.844187 0.006976 0.030083 0.118754
0.809247 0.015897 0.034047 0.140809
0.884557 0.010352 0.055830 0.049261
0.850414 0.003741 0.024393 0.121452
0.777646 0.023132 0.062145 0.137077
0.854837 0.014483 0.054071 0.076609
0.840778 0.001329 0.039083 0.118811
0.817791 0.016359 0.041618 0.124232
0.846600 0.008196 0.032646 0.112558
0.811573 0.020327 0.030191 0.137909
0.819525 0.024860 0.044419 0.111196
0.803022 0.022801 0.027330 0.146847
0.855951 0.023720 0.052368 0.067961
0.826601 0.013471 0.026559 0.133369
0.841388 0.010714 0.029872 0.118025
0.866674 0.008941 0.028879 0.095507
0.819096 0.024205 0.028614 0.128085
0.894258 0.013551 0.028906 0.063284
0.828308 0.014844 0.044832 0.112016
0.877284 0.014853 0.044471 0.063392
0.775682 0.017551 0.027489 0.179278
0.852667 0.007772 0.032328 0.107234
0.822192 0.011642 0.062624 0.103542
0.846270 0.034249 0.021464 0.098017
0.877576 0.001343 0.039229 0.081852
0.905942 0.002465 0.039523 0.052069
0.851295 0.019593 0.037270 0.091842
0.838997 0.009615 0.042876 0.108511
0.831631 0.010776 0.036572 0.121021
0.867705 0.015003 0.039331 0.077961
0.867191 0.015678 0.044890 0.072242
0.868512 0.021627 0.025499 0.084362
0.865792 0.011761 0.035781 0.086666
0.819714 0.017439 0.058254 0.104593
0.875321 0.002284 0.047587 0.074808
0.862774 0.007487 0.047849 0.081890
0.860993 0.018902 0.043527 0.076579
0.873386 0.003459 0.033143 0.090012
0.828055 0.013521 0.046714 0.111710
0.822573 0.008841 0.045607 0.122979
0.864571 0.002455 0.040787 0.092187
0.849130 0.004471 0.039298 0.107102
0.856278 0.014568 0.045959 0.083195
0.864186 0.019514 0.039404 0.076895
0.856662 0.020695 0.042885 0.079758
0.793529 0.010770 0.057457 0.138244
0.839748 0.002331 0.025613 0.132308
0.822643 0.000010 0.042820 0.134527
0.833704 0.001662 0.034293 0.130341
0.846161 0.011706 0.035964 0.106169
0.836119 0.027887 0.037665 0.098329
0.438650 0.085425 0.026133 0.449792
0.315809 0.104367 0.050731 0.529093
0.277998 0.093309 0.057911 0.570782
0.311357 0.083434 0.059618 0.545591
0.351300 0.096750 0.045927 0.506023
0.313926 0.092068 0.047155 0.546852
0.332904 0.103300 0.048286 0.515509
0.357629 0.089499 0.037490 0.515381
0.314397 0.094857 0.043474 0.547272
0.312148 0.089499 0.020331 0.578022
0.429862 0.031057 0.020785 0.518296
0.431179 0.056293 0.007388 0.505140
0.393677 0.046474 0.007962 0.551886
0.449724 0.063766 0.025022 0.461488
0.391171 0.051650 0.008549 0.548630
0.433811 0.106144 0.019388 0.440657
0.389311 0.045299 0.009995 0.555395
0.411940 0.015240 0.007686 0.565134
0.364388 0.045669 0.000010 0.589933
0.429844 0.071034 0.000148 0.498973
0.451296 0.082972 0.017157 0.448575
0.412230 0.064203 0.000010 0.523557
0.409316 0.043747 0.012279 0.534657
0.414888 0.025652 0.032840 0.526620
0.409235 0.038842 0.017636 0.534287
0.410740 0.052945 0.008649 0.527666
0.372755 0.049654 0.000010 0.577580
0.412091 0.021020 0.027611 0.539278
0.372970 0.026039 0.019805 0.581186
0.446749 0.042569 0.014266 0.496416
0.447385 0.073127 0.007829 0.471660
0.453986 0.115805 0.007660 0.422549
0.471141 0.094516 0.000010 0.434333
0.518306 0.142147 0.004407 0.335140
0.521135 0.131260 0.017869 0.329737
0.518684 0.121548 0.009166 0.350602
0.484493 0.130764 0.000010 0.384733
0.515369 0.130455 0.018433 0.335743
0.502067 0.125478 0.006725 0.365730
0.551961 0.119734 0.003839 0.324467
0.519494 0.124468 0.000010 0.356029
0.538427 0.126283 0.004923 0.330367
0.515502 0.150552 0.000010 0.333936
0.534342 0.148552 0.001901 0.315205
0.558587 0.145245 0.031238 0.264929
0.593158 0.109954 0.025014 0.271874
0.544820 0.142098 0.006915 0.306167
0.575621 0.147507 0.001052 0.275819
0.574176 0.156031 0.000666 0.269127
0.405327 0.083079 0.070370 0.441223
0.544376 0.150159 0.007243 0.298223
0.563735 0.150021 0.005489 0.280756
0.539266 0.146916 0.000010 0.313808
0.533173 0.125208 0.074454 0.267165
0.524824 0.152080 0.000466 0.322630
0.563382 0.127582 0.000010 0.309026
0.550377 0.145680 0.000010 0.303933
0.558320 0.141542 0.004387 0.295752
0.558388 0.144374 0.007868 0.289369
0.487001 0.151415 0.000010 0.361574
0.562990 0.156140 0.003158 0.277712
0.525108 0.153173 0.008534 0.313185
0.566301 0.137035 0.020979 0.275685
0.520799 0.212893 0.000394 0.265913
0.567520 0.152130 0.014343 0.266007
0.561528 0.157303 0.008214 0.272954
0.560448 0.147666 0.009651 0.282235
0.548363 0.152486 0.000010 0.299141
0.492541 0.125297 0.010880 0.371282
0.000010 0.000010 0.999970 0.000010
0.000010 0.000010 0.999970 0.000010
0.182016 0.017112 0.400872 0.400000
0.000010 0.000010 0.999970 0.000010
0.000010 0.000010 0.993890 0.006090
0.001288 0.000010 0.998692 0.000010
0.067128 0.000010 0.550673 0.382189
0.000010 0.000011 0.999969 0.000010
0.142139 0.008774 0.608447 0.240640
0.000010 0.000011 0.999969 0.000010
0.000010 0.000010 0.999970 0.000010
0.000010 0.000010 0.999970 0.000010
0.227470 0.017590 0.401225 0.353715
0.013141 0.000010 0.986839 0.000010
0.000010 0.000010 0.999970 0.000010
0.000010 0.000010 0.999970 0.000010
0.000010 0.000010 0.999970 0.000010
0.000010 0.000010 0.999969 0.000010
0.308380 0.019016 0.303328 0.369275
0.000010 0.000010 0.999970 0.000010
0.000010 0.000010 0.759696 0.240284
0.210271 0.010607 0.425418 0.353704
0.000010 0.000010 0.999970 0.000010
0.000010 0.000293 0.734068 0.265629
0.052032 0.008016 0.858652 0.081301
0.000010 0.000010 0.842957 0.157023
0.000010 0.000010 0.792524 0.207456
0.117884 0.007438 0.874668 0.000010
0.000010 0.000010 0.891619 0.108361
0.000011 0.000010 0.999969 0.000010
0.000010 0.000010 0.864935 0.135045
0.000010 0.000010 0.801576 0.198404
0.000010 0.000010 0.999970 0.000010
0.000010 0.000010 0.999970 0.000010
0.000010 0.000010 0.999970 0.000010
0.000010 0.000010 0.999970 0.000010
0.101537 0.012777 0.685277 0.200409
0.000010 0.000010 0.999970 0.000010
0.000010 0.000010 0.949333 0.050647
0.000010 0.000011 0.999969 0.000010
0.000010 0.000010 0.999970 0.000010
0.000010 0.000010 0.999970 0.000010
0.000010 0.000010 0.999970 0.000010
0.000010 0.000010 0.830027 0.169953
0.015811 0.000010 0.830851 0.153328
0.000010 0.012144 0.916018 0.071828
0.000010 0.000010 0.768542 0.231438
0.000010 0.000010 0.999970 0.000010
0.183081 0.012980 0.476775 0.327164
0.000010 0.000010 0.999970 0.000010
0.000011 0.000010 0.999969 0.000010
0.000010 0.000010 0.879562 0.120418
0.000010 0.000010 0.924302 0.075678
0.015007 0.011202 0.660725 0.313066
0.163078 0.009286 0.426867 0.400769
0.000010 0.000010 0.999970 0.000010
0.000010 0.000010 0.839194 0.160786
0.000010 0.000010 0.942709 0.057271
0.000010 0.000010 0.999970 0.000010
0.000010 0.000010 0.999970 0.000010
0.000010 0.000010 0.903141 0.096839
0.000010 0.000010 0.978080 0.021900
0.000010 0.000010 0.999970 0.000010
0.000011 0.000010 0.999969 0.000010
0.000010 0.000010 0.999970 0.000010
0.000010 0.000010 0.837936 0.162044
0.000010 0.000010 0.999970 0.000010
0.000010 0.000010 0.787571 0.212409
0.000010 0.000010 0.999970 0.000010
0.183119 0.010470 0.086970 0.719442
0.282693 0.014881 0.008427 0.693999
0.326223 0.028064 0.000010 0.645703
0.273028 0.010442 0.043824 0.672706
0.050577 0.000010 0.081332 0.868081
0.319168 0.026809 0.000010 0.654013
0.280418 0.024136 0.016849 0.678597
0.332193 0.015917 0.010745 0.641144
0.110635 0.000010 0.075043 0.814312
0.317492 0.030417 0.000010 0.652081
0.396746 0.019768 0.008314 0.575173
0.315624 0.030595 0.004734 0.649047
0.263284 0.008894 0.028533 0.699289
0.312704 0.026894 0.005501 0.654901
0.241578 0.010285 0.013725 0.734413
0.231631 0.015251 0.026552 0.726565
0.237038 0.006981 0.000010 0.755971
0.316763 0.019832 0.039474 0.623931
0.354978 0.033343 0.014569 0.597110
0.275734 0.007557 0.016577 0.700132
0.355703 0.014853 0.040071 0.589373
0.304038 0.023132 0.000010 0.672820
0.309742 0.015277 0.000010 0.674971
0.315440 0.003464 0.046654 0.634443
0.287533 0.018179 0.009872 0.684416
0.298145 0.017701 0.000010 0.684145
0.301594 0.029589 0.015360 0.653457
0.242182 0.005052 0.001556 0.751210
0.259566 0.027055 0.036600 0.676779
0.253043 0.006571 0.050328 0.690058
0.327740 0.021804 0.000010 0.650446
0.247585 0.014731 0.000010 0.737674
0.339123 0.019397 0.013641 0.627839
0.353845 0.024272 0.021794 0.600089
0.302921 0.019837 0.006379 0.670863
0.144635 0.014520 0.099293 0.741552
0.394342 0.039381 0.000010 0.566267
0.329778 0.039026 0.000010 0.631187
0.207279 0.014355 0.000989 0.777378
0.267036 0.000010 0.000010 0.732944
0.109753 0.009983 0.170016 0.710248
0.333219 0.019163 0.000010 0.647608
0.052124 0.002940 0.096829 0.848107
0.410284 0.046774 0.013354 0.529588
0.252299 0.004031 0.000024 0.743645
0.300696 0.026512 0.040630 0.632162
0.304205 0.019372 0.004199 0.672224
0.300581 0.030146 0.000010 0.669263
0.331692 0.015015 0.001485 0.651807
0.319478 0.020907 0.001323 0.658292
0.311383 0.029477 0.005031 0.654109
0.370590 0.043313 0.000010 0.586088
0.289277 0.032730 0.017686 0.660307
0.330975 0.013330 0.021739 0.633955
0.196362 0.004350 0.051592 0.747696
0.261581 0.023944 0.021976 0.692498
0.204563 0.021131 0.066270 0.708037
0.265654 0.001280 0.020266 0.712801
0.001218 0.000010 0.093667 0.905105
0.272154 0.018451 0.013021 0.696375
0.130534 0.004538 0.108544 0.756383
0.306934 0.024099 0.002515 0.666452
0.313362 0.016872 0.057786 0.611980
0.000010 0.000010 0.091284 0.908696
0.000010 0.017481 0.094343 0.888167
0.020570 0.000010 0.080035 0.899384
0.251468 0.015312 0.009059 0.724161
0.000010 0.000010 0.079272 0.920708
0.000010 0.000010 0.150378 0.849602
0.000010 0.000010 0.129873 0.870107
0.000010 0.000010 0.111608 0.888372
0.064914 0.004340 0.081623 0.849123
0.196441 0.006625 0.049132 0.747803
0.072004 0.000010 0.083053 0.844932
0.000010 0.000010 0.082211 0.917769
0.019758 0.000010 0.079103 0.901129
0.000010 0.000010 0.099322 0.900658
0.010592 0.000010 0.085030 0.904367
0.000010 0.000010 0.076732 0.923248
0.000010 0.000010 0.069469 0.930511
0.000010 0.000010 0.082887 0.917093
0.063866 0.005069 0.081310 0.849756
0.000010 0.000010 0.077452 0.922527
0.202050 0.004274 0.047554 0.746121
0.018234 0.000010 0.071294 0.910462
